frame100016 2.035689097935842 -0.15471695404201743 3.9755171202315944 -0.00026000200905685266 -0.0013388062952879708 0.0036993737590020567 0.9999922272850176
frame100020 1.9247796373744142 -0.12803890894410785 3.7989599163333745 0.0011917429976232095 -0.0027829497293370468 0.007476551202261506 0.9999674675315952
frame100040 2.471540321782894 -0.6223642279189463 5.493625711752791 -0.014380408433598868 0.011536011166483617 -0.018584036177046074 0.9996573202347993
frame100042 21.50530005284128 -5.89043485152503 33.08243153806976 0.794960485773093 -0.18462081971398112 -0.5778630481359669 0.00522269916377258
frame100044 19.86774019699516 -6.276729977719144 31.574871281042853 0.808361948431357 -0.19180534732836296 -0.556434457065218 -0.011931640919944938
frame100046 16.45466556469114 -4.824695177254776 34.844182431498844 0.8688228600250701 -0.21560506022249817 -0.4456796911890969 0.0055595652619130935
frame100048 2.118503659291379 -0.5879052353335011 4.820672054005446 -0.009828089087479855 0.011899891675517872 -0.017661777548716673 0.9997248935866403
frame100050 2.0043449843036885 -0.6134407524152417 4.657316104249477 -0.0057214763405083425 0.009293328227920068 -0.02012548753622899 0.9997378974062964
frame100052 1.894795785428946 -0.5723532911910045 4.493773470570837 -0.007578055124942608 0.006999241250035875 -0.02047492183636363 0.9997371460930329
frame100054 1.815399050349697 -0.45121756889950115 4.335850470861879 -0.017852479097123262 0.009003454518822243 -0.0194278767418572 0.9996113166636909
frame100056 1.7116604812161007 -0.5069636932432979 4.176006413253177 -0.008978158242470119 0.0062570064441241 -0.018103225023230498 0.999776232858478
frame100058 1.6324373515408233 -0.4970786806065486 4.017133763249731 -0.007119955057132052 0.006459429034273354 -0.016476533899319072 0.9998180363682185
frame100060 1.5548259751200662 -0.48548093056309216 3.8569035632000426 -0.006403612698994925 0.0063050622317353585 -0.017262166377521152 0.999810610839178
frame100062 1.493757369955569 -0.4652619342350712 3.7005163820260036 -0.006545120059093309 0.007085756921324945 -0.015766489798304056 0.9998291710345844
frame100064 1.4518145404582836 -0.4272922085413378 3.5449119348210476 -0.009478241278380697 0.011261436907490983 -0.01729408470236458 0.9997420955503249
frame100066 1.3822037569038876 -0.4054308169112298 3.3961580668085927 -0.010648804446041672 0.009235020690568327 -0.018845079231445096 0.9997230518225912
frame100068 1.3365426597161556 -0.41152725729306644 3.237719558537472 -0.007004786503452426 0.013127418185137829 -0.018394964786986726 0.9997200753852646
frame100070 1.2853194414351459 -0.4363910203303346 3.0781078424153816 -7.108208351058471e-05 0.01640096648782951 -0.017990058270671995 0.9997036366088804
frame100072 1.235421024776619 -0.3754117650453137 2.931010234374755 -0.0059986306372803505 0.017431367088153425 -0.014854325883195164 0.999719717158
frame100074 1.2033796340658378 -0.3309139121597756 2.7743741750800743 -0.010524559279631966 0.024801448765956677 -0.014122597781439402 0.9995372299334242
frame100076 1.1705064750814191 -0.3376025786872217 2.6124895452126435 -0.006602765051249443 0.03169449569227447 -0.014707170780380556 0.9993675808050445
frame100078 1.1651318262324848 -0.28996012427898005 2.336277129893102 -0.005852872786879801 0.0018599012233219193 -0.020088970190208697 0.9997793346155326
frame100080 1.1588679475769614 -0.26905295630387266 2.1857360244422797 -0.0048502627270683085 0.013211183303970093 -0.015955265048490975 0.9997736589370716
frame100082 1.1242235073889706 -0.2339449104637707 2.0371506193303084 -0.004978798881693192 0.0181700470619256 -0.010406502373011536 0.9997683560004406
frame100084 1.0556262244239127 -0.21921592251914138 1.8715614430882153 -0.005225225155526785 0.022831557562737897 -0.009472752610029294 0.9996807910324789
frame100086 0.9682389039365058 -0.2018518064747167 1.7162277015789336 -0.00796874075566155 0.03262092076936756 -0.011931560230518647 0.9993648045480655
frame100088 0.875153622021415 -0.18334978411653843 1.5265620185803257 -0.0065886251427904755 0.03278063438016636 -0.012221462362821789 0.9993661270455767
frame100090 0.7762351120123554 -0.1636954110414341 1.335104931737212 -0.005610881743264621 0.032105801489756516 -0.014947635369214807 0.9993569450970121
frame100092 0.6740755247156817 -0.1379776580155605 1.1379408360335759 -0.00614159116921538 0.031156739786610963 -0.015073935630043864 0.9993819664614731
frame100094 0.5682856186606078 -0.11364142998290198 0.9476522322467744 -0.006775903078446329 0.031904993445828526 -0.01765158907567923 0.999312053331589
frame100096 0.4610075999036597 -0.08603699707523714 0.7502015528369049 -0.008231465898788213 0.031262654762646794 -0.015585197735824329 0.999355787994388
frame100098 0.34730436422433997 -0.06459633227145821 0.5577072482796059 -0.005125199107962119 0.03238440720867033 -0.015004515263940876 0.9993497120755782
frame100100 0.23186744202950263 -0.04014453369831229 0.35744662921862536 -0.0026711001412005404 0.032063527067936956 -0.013257334222811272 0.9993943358581256
frame100102 0.11463529465044334 -0.016460498099523605 0.1551452177591201 -0.0015609780872476236 0.0317996613208398 -0.012292368181795304 0.9994174516045706
frame100104 -0.002251243819326473 0.007404868074354737 -0.042617664517533224 -0.0013611574730278098 0.032568019348389175 -0.012473307172144961 0.9993907583994591
frame100106 -0.09936021736978429 0.03451559204274225 -0.26217026454935755 -0.001347815763895916 0.027371842535771962 -0.013010842696760574 0.9995397358790614
frame100108 -0.1773254623476481 0.060218797345633485 -0.4982935550003602 -0.0010215563673051393 0.01871028423676368 -0.013585501473627557 0.999732122038738
frame100110 -0.24559789841106003 0.08174769331398946 -0.7151056019277021 -0.0021398270694030675 0.011431423133818133 -0.014132229589698045 0.9998324978675542
frame100112 -0.30355632183286096 0.09818722267910679 -0.9296341789167939 -0.002539650424548227 0.004179218791307955 -0.010935807552484226 0.9999282436351073
frame100114 -0.3429894483616656 0.12877175907507718 -1.1441939174281477 0.0018790404274234703 -0.005953063466543278 -0.008260234254489608 0.9999463979496584
frame100116 -0.3687141067791416 0.15404323012879595 -1.3614906121010484 0.0029729671578806703 -0.017743824853334342 -0.007404052141389055 0.9998107311675245
frame100118 -0.5309865704104588 0.17168125879292379 -1.5303240794570967 0.0005720472887836385 -0.007301314329502376 -0.006945763932133755 0.9999490586696707
frame100120 -0.6274764721962918 0.19696839773973726 -1.7217094949719254 0.0016114776898993757 -0.008976211357864815 -0.005172696520763497 0.9999450354794598
frame100122 -0.7319472349467774 0.22608242258612923 -1.9100016188832156 0.003118223371309525 -0.010592006183667516 -0.0047207166318942746 0.9999278978618875
frame100124 -0.8663326083248702 0.2524813577940926 -2.0989379562663637 -3.2052839064263494e-05 -0.008610089201049517 -0.01093581146917273 0.9999031319903325
frame100126 -1.0776672631002067 0.3012856615130688 -2.2704359062041233 0.00015105775961940404 0.0018803450745889288 -0.01707588927051619 0.999852416854395
frame100128 -1.2933486857014125 0.2893740673279998 -2.454682420624052 -0.008551314629948466 0.012288507478248833 -0.021615090535763114 0.9996542679662742
frame100130 -1.4978618187305974 0.29984569274925293 -2.6205672725620937 -0.009459645974687191 0.021659790233263507 -0.020440834225295034 0.9995116511983533
frame100132 -1.6455162411301218 0.38289078756937706 -2.780746093165918 0.0001564675695879351 0.026959101407545535 -0.02137237302919143 0.9994080268040169
frame100134 -1.65865236443329 0.41409403044508764 -3.020321949661269 0.0007343339621652631 0.01958157866808174 -0.020451682606275265 0.9995987951218579
frame100136 -1.696724922858143 0.4092313860101113 -3.2972582247380915 -0.0003768071126264081 0.017081668087504734 -0.011884489549553142 0.9997833933107185
frame100138 -1.758894587768827 0.42111466336609665 -3.465304261461112 -0.003468698174992084 0.019023446642261365 -0.016881287799901317 0.9996704950797722
frame100140 -1.9644267300607643 0.4627840538391754 -3.7848663999568544 -0.002556357598813 0.03122553202466752 -0.011265759642935663 0.9994456032447545
frame100142 -2.002405602199816 0.4834808398200524 -3.944572545771107 0.0019071308501186826 0.03392145496236829 -0.0007511581948510966 0.9994223999423482
frame100144 -2.0003510768314765 0.5187327084254311 -4.120701471981833 0.006414676554673889 0.03183277937144798 0.0034923608542718116 0.9994665224497774
frame100146 -1.9601471009205143 0.5106036006794882 -4.26832296150272 0.00927957035873795 0.022543331042608885 0.01351311120631104 0.9996114663332882
frame100148 -1.8471154667384728 0.5569520495821875 -4.317510883363389 0.022583835621379243 0.007269258033487413 0.033043122490850244 0.9991722976105392
frame100150 -3.631870170647591 0.32043827153016013 -4.826259682261681 -0.01745699589960394 0.050211335323833935 0.010505653318257818 0.998530773861034
frame100152 -2.4574763021399235 0.6312449943412701 -5.2089303442572215 0.0006790402133482297 0.033283040279203265 -0.01044815550644382 0.9993911217239599
frame100154 -2.500943962786398 0.6231946536307638 -5.25002754922277 -0.005601560568030795 0.04101631730770452 -0.01783337223025075 0.9989836110110185
frame100156 -2.5431481142251156 0.6929787368033137 -5.554777452139328 -0.010371283664448961 0.047906299934014 -0.04691823350094709 0.9976953955325916
