ohioframe100028 -3.10261564461023 3.4967736003537926 8.562470418491445 0.0 0.0 0.0 1.0
ohioframe100038 -2.7237148784114926 2.880996049074151 7.80107951827804 0.01656989397702167 0.004640189771298501 -7.469715123420508e-05 0.9998519398755059
ohioframe100050 -2.301197484370428 2.277647510729781 6.928191625889179 0.03452204992090624 0.00910302380794773 0.0003572549390104308 0.9993624144401865
ohioframe100052 -2.2350453517337403 2.2084619747009757 6.788927910026292 0.0359292695064978 0.009747926770857012 0.0001602011835641416 0.9993067796487625
ohioframe100054 -2.1723492295653046 2.1146861178952427 6.651828573483275 0.03955756717969168 0.010079112963876756 -0.0008238966876406737 0.9991661180979536
ohioframe100056 -2.111545702303679 2.0884061692986875 6.505430218606547 0.03799457477607747 0.010637513504719734 -0.0005794734312374727 0.9992211566037643
ohioframe100058 -2.052490661914755 2.05937123483019 6.356911611285884 0.0369013406526753 0.010763486151477236 -0.0011201475666407627 0.9992603182821438
ohioframe100060 -1.9927789644109208 2.042019979396077 6.211037365238339 0.034736927306823935 0.01079523297616656 -0.001775667451132515 0.9993366078711285
ohioframe100062 -1.938602542735216 2.037861099475 6.05958614260384 0.030963127848595704 0.010759097757578107 -0.001199511101309581 0.9994618990748934
ohioframe100064 -1.8829723277831536 2.004478580226324 5.916463671022355 0.029750335489790034 0.010657478268830428 -0.0015577891652874556 0.9994993291584096
ohioframe100066 -1.8362105172631216 1.974070581928649 5.785515747712514 0.02897447707908185 0.010430252216806563 -0.0013890424938939748 0.9995247671156716
ohioframe100068 -1.7866720563796339 1.9644207040696358 5.635669777052867 0.02537913175134021 0.009962422540201677 -0.001386414492994504 0.9996272943770255
ohioframe100070 -1.735974559654992 1.9037592130545486 5.508962193283544 0.026411345400457677 0.010361628795321985 -7.228843394710802e-05 0.9995974551074187
ohioframe100072 -1.6845887656984748 1.8598858865839385 5.373548508688891 0.02641482871782791 0.010088537850271998 -0.0008913207072649812 0.9995997617923127
ohioframe100074 -1.6439776993960962 1.8085048243868738 5.240162080803606 0.026546856713803097 0.00996021238221555 0.0006938737508921127 0.9995977076339941
ohioframe100076 -1.6031329960927656 1.7810034102352092 5.090061514070813 0.02458088370958745 0.00822934326382149 0.00039927563362355303 0.999663892838223
ohioframe100078 -1.5788600905101338 1.7640617482272551 4.930454665608182 0.020158622120345634 0.006316291223662612 0.0023861695152690584 0.9997739947680332
ohioframe100080 -1.5337472312771447 1.7390937616380289 4.789930706169971 0.017997715348411398 0.00534983875911393 0.0015906806724001648 0.999822449839214
ohioframe100082 -1.506495223390728 1.6745433894612995 4.6403071426343105 0.018009449772127886 0.0038269639941289216 0.0031248292561520635 0.9998256095477915
ohioframe100084 -1.47563248528321 1.6402833225377564 4.483646769235791 0.014567801401810495 0.002212848010349985 0.004771271364279162 0.999880051523966
ohioframe100086 -1.4267519076500625 1.6210658612583666 4.347229924768434 0.012579156289117705 0.0005702635368210528 -0.0016338430230578476 0.9999193818421206
ohioframe100088 -1.4135692606743877 1.5545925344675058 4.170746625713997 0.014447359200254572 -0.001340458573952359 0.003653892036848796 0.9998880567623225
ohioframe100090 -1.4288291458759161 1.6357484855800133 4.027469558060376 -0.00034273919149272435 -0.0002834408009283164 -0.0010267797520566206 0.999999373957054
ohioframe100092 -1.3972043606517741 1.5564697131373622 3.879584414653363 -6.501055978837843e-05 -0.0014803196014680573 0.002136829163603071 0.9999966191886002
ohioframe100094 -1.356200345739982 1.508296652388334 3.742598791723433 -0.0007640943901330415 -0.002215097731637634 0.004024302421830322 0.9999891571871267
ohioframe100096 -1.304312345692608 1.439406680188129 3.5916797413730275 0.0011050726041897496 -0.004312962599024988 -0.000978244607950899 0.9999896100488475
ohioframe100098 -1.2757347266048744 1.3421335110352761 3.4591503677544018 0.004838432638601319 -0.004129738112842032 0.006931676464309014 0.9999557423676886
ohioframe100100 -1.2230328268885866 1.3087254731733862 3.311860873945895 0.0034562760964052083 -0.005831813258300831 0.0018508665179253132 0.999975308896574
ohioframe100102 -1.1849954142506114 1.2503035236844118 3.1764476864270983 0.003138210384055312 -0.00661810313164244 0.003606313499893901 0.9999666728693837
ohioframe100104 -1.1390676154678647 1.1991924495211255 3.0374019318020875 0.0021684240528403492 -0.007523486077963338 0.006340010649933722 0.9999492483917974
ohioframe100106 -1.0928735444565065 1.1502961876663478 2.898783296249552 0.0007643361994786254 -0.008569570838488956 0.004505797181164377 0.9999528369066115
ohioframe100108 -1.0441099479736067 1.0407927068159066 2.747295604293634 0.010405930480689742 -0.01006136761088414 0.0023279250423572802 0.9998925273536285
ohioframe100110 -1.001872193171202 1.022905303960617 2.603451280487306 0.00608060827349688 -0.010677580068480828 0.0075403537894067835 0.9998960738754984
ohioframe100112 -0.957315925048674 1.009168307611722 2.481942281631505 -0.003494922774794603 -0.011072264796008391 0.0022019436064814888 0.9999301685175016
ohioframe100114 -0.9145413631819606 0.9514043209464805 2.340530171211086 -0.0008172874327107437 -0.012376652646549403 0.0002506402928515296 0.9999230408836285
ohioframe100116 -0.8733852938324062 0.905611422122555 2.2174152414274944 -0.0072729344084929756 -0.011870277078136036 0.009719634996725363 0.9998558544323819
ohioframe100118 -0.8127055893995749 0.876250920424089 2.1039033078465392 -0.010860261780683677 -0.012955250610675928 -0.001730677003278532 0.9998556000507173
ohioframe100120 -0.7797077424238131 0.7367813643389842 1.9325634889651568 0.005885778019912827 -0.014932032530837509 0.0049661787055812635 0.999858854584317
ohioframe100122 -0.712002572524983 0.6973652217434831 1.8112253201641468 0.008936527013289827 -0.014882140875588125 0.010932360617744837 0.9997895497849653
ohioframe100124 -0.6691403254039383 0.6918144695041925 1.684813600837265 -0.0019326829656922857 -0.014604110342063364 -0.0006945201378075384 0.9998912452559274
ohioframe100126 -0.6285835846825905 0.6252150205167036 1.554888167233044 -0.001580618979386605 -0.013979880500719308 0.011615363707048078 0.9998335601042709
ohioframe100128 -0.5765668664471746 0.6033667590822641 1.441909515682928 -0.006241725991671325 -0.014021908395445695 0.008197482320659198 0.99984860265202
ohioframe100130 -0.5916820218585824 0.5563334017728689 1.2432991057739422 -0.01014977782770253 -0.02122436311094711 0.0015222052015481202 0.9997220570298063
ohioframe100132 -0.5086797981902699 0.490939348235368 1.1648219485319231 -0.009737278438515712 -0.017411646032015927 0.011314844709908343 0.9997369625457775
ohioframe100134 -0.4573997199434052 0.4528474505639476 1.0524814358323238 -0.011948562505603551 -0.01717825248412836 0.008202424774059091 0.9997473979578377
ohioframe100136 -0.40022177678742143 0.37438342944647557 0.9133743390103313 -0.007926684137408959 -0.017276086358157458 0.008671638550667517 0.9997817297808447
ohioframe100138 -0.335427387575737 0.34282686996578554 0.7794756925291472 -0.010569565410435902 -0.017335657622975596 0.010932135696692685 0.9997340884809933
ohioframe100140 -0.29507168629157776 0.2850199387483565 0.6815807934509115 -0.010304045095115053 -0.01689970534180493 0.007529444514812415 0.9997757418938191
ohioframe100142 -0.2467505730713387 0.19062469901138418 0.49443092918728576 0.0019648474529769724 -0.01840273372023352 0.007398963154612887 0.9998013473237298
ohioframe100144 -0.18041078139338368 0.15871775055126128 0.38156270439018775 -0.0023181048319266123 -0.01756639479838034 0.012631920986407426 0.9997632133340218
ohioframe100146 -0.1351768294183806 0.11769318413787089 0.2701752716895072 -0.008928721996233999 -0.017856503664277205 0.008985881257180563 0.9997603098435311
ohioframe100148 -0.0740602028079417 0.05526858287467855 0.138059278740933 -0.006316902531278576 -0.017861343162676947 0.011511840946737437 0.9997542431422096
ohioframe100150 -0.02874464105420983 -0.0052818651441391895 0.009008442456601713 -0.00528359868487142 -0.018681492224953442 0.009238817157434935 0.9997688381274532
ohioframe100152 0.007196021561109205 -0.050160453490004454 -0.11219574152195809 -0.008239738980028676 -0.019271617496891998 0.006595868920003695 0.9997585738435979
ohioframe100154 0.06192575509251397 -0.11689787727400401 -0.25084286377634163 -0.005213409143096864 -0.02018729142571618 0.011648895732039252 0.9997147577475407
ohioframe100156 0.10911863737231152 -0.17476309676176965 -0.38231738355763123 -0.00278751127403511 -0.021079907521804532 0.00932697231134946 0.9997304010918506
ohioframe100158 0.16022572155278986 -0.22835730514662805 -0.5165053881074054 -0.0010022936293332249 -0.02190019531881545 0.00970015910351379 0.9997126005837101
ohioframe100160 0.20981528777920028 -0.2826585997397004 -0.6410060569702211 -0.001527394627617941 -0.022202710888483627 0.008895447258568358 0.9997127475994911
ohioframe100162 0.261254299437911 -0.33564092570271403 -0.7665935452944926 -0.0008557813389535872 -0.022586477063851397 0.008298739723154334 0.9997100827795784
ohioframe100164 0.31163836322220556 -0.3872696546430839 -0.895200971610613 -0.002474728389561925 -0.02304509113419329 0.00756972349283099 0.9997027051980287
ohioframe100166 0.3700403823778208 -0.4322977165182488 -0.9996347249711595 -0.00964343832231988 -0.022774325896184503 0.010157479230468306 0.9996425159990848
ohioframe100168 0.4383337091091836 -0.4658259585599193 -1.103358200222349 -0.013621828945810719 -0.022590097468183867 0.012563753527207145 0.9995730515424357
ohioframe100170 0.5011208908012141 -0.5035763799854411 -1.215113223307456 -0.014852199625801 -0.02257405380598569 0.012884490214537204 0.9995518066478352
ohioframe100172 0.5562941543979719 -0.5610256405672979 -1.335932814928421 -0.013576396978051275 -0.02258518926885605 0.011448900929934185 0.9995871714554369
ohioframe100174 0.6055605764545502 -0.6197183251287223 -1.461671610124477 -0.014003468638052251 -0.022843216765419633 0.011519618946466153 0.9995746038656842
ohioframe100176 0.659963237612613 -0.6770408744343185 -1.577927560049378 -0.01343139764180402 -0.02244830810403761 0.0119234194460988 0.9995866661222359
ohioframe100178 0.708816451418623 -0.7385250763147853 -1.7077732108256058 -0.013449276875875452 -0.022489779320218038 0.013760398201384744 0.9995618931406816
ohioframe100180 0.7528870719305557 -0.7831695408239495 -1.817102854086897 -0.014021409659096077 -0.02096887690199892 0.013214054277797852 0.9995944652918922
ohioframe100182 0.7900831515114758 -0.8373874765826108 -1.9334579560428689 -0.01331705402911463 -0.019087046974027022 0.014538010897845788 0.9996234225691849
ohioframe100184 0.8323268103898337 -0.8900883274592228 -2.051378889442628 -0.014093363001664905 -0.018292765246700857 0.012683201654776797 0.9996528838825589
ohioframe100186 0.8653274297395939 -0.9389879636912105 -2.165487213836287 -0.013692436728182128 -0.01653071198907264 0.012217969837259864 0.9996949404446512
ohioframe100188 0.8893130735814032 -0.9822224456058489 -2.2913722387946898 -0.010254488337154179 -0.014873106597141575 0.009559326135192111 0.9997911059080964
ohioframe100190 0.9306561291739506 -1.0253551707504396 -2.4164803966561466 -0.008296712968339434 -0.014015034508438731 0.009632527171123997 0.9998209628638248
ohioframe100192 0.9738294767827952 -1.0709488273872962 -2.541657962657862 -0.006516868941108137 -0.013380763990601433 0.008631744006412707 0.9998519783296126
ohioframe100194 1.0196142335338183 -1.0977325009825938 -2.6793857484753008 -0.0024144793055147257 -0.01328954564566516 0.007393706393786999 0.9998814386575928
ohioframe100196 1.053245511146171 -1.1478642325318211 -2.801688518762926 -0.0018466474971673753 -0.012327797606005346 0.005943335203218631 0.9999046414863113
ohioframe100198 1.2439792396864473 -1.334868137919158 -3.002524213176561 -0.0075353961155319804 -0.02372559598416834 0.017835924671759786 0.9995309868591776
ohioframe100200 1.209839089436089 -1.3010221937926758 -3.1770194500240505 -0.0035289311592042972 -0.023398272511117698 0.011742759807174806 0.9996510266490403
ohioframe100202 1.2913008851700796 -1.3255782458474983 -3.3121218776295605 -0.00022745200808154385 -0.02494336935024521 0.013831165495983155 0.9995931549645906
ohioframe100204 1.1669924873790456 -1.3330036095615867 -3.347831903194209 0.0008852889842006718 -0.00994674238594668 0.006663503087140716 0.9999279355563229
ohioframe100206 1.082140572551352 -1.3605046685073454 -3.361535217985512 -0.0014351246859645459 -0.00014455700317353784 0.0012820296167175883 0.9999981379585017
ohioframe100208 1.1313713984774152 -1.346608690945001 -3.352831160050875 2.1577232446019993e-05 -0.00632313633679205 0.003098210600522445 0.9999752089788847
ohioframe100210 1.1618860783175562 -1.3448590186576677 -3.34468150712563 0.00027519934362157694 -0.010602026683535722 0.003246721026574034 0.9999384881571958
ohioframe100212 1.159194614734161 -1.3434472441286667 -3.345998114669781 2.9023887516953355e-05 -0.009662537282096059 0.0046181884748375665 0.9999426517886398
ohioframe100214 1.1537285054892934 -1.3529474236900023 -3.34357104321179 -0.0012681020914318988 -0.009025610584187667 0.0042421417758058255 0.9999494659750673
ohioframe100216 1.176740707172637 -1.350718610450511 -3.3374791271386406 -0.0012360482797101097 -0.011901043311327068 0.005206216720816051 0.9999148627059247
ohioframe100218 1.1609992593893943 -1.3551915317205685 -3.340529527308963 -0.0014132122075005854 -0.010301935736445651 0.0036849425270653077 0.9999391452233035
ohioframe100220 1.149524547311562 -1.3579379796697422 -3.3427490166994276 -0.0014488843290596206 -0.009121649276128928 0.002488841510631478 0.9999542499117744
ohioframe100222 1.1378875648073719 -1.3549403929331618 -3.3476704119665337 -0.0011157523603568622 -0.0072822441278243225 0.002979081878291067 0.9999684240456274
ohioframe100224 1.1258467339800626 -1.3666020179660714 -3.346343924123092 -0.002374946509442013 -0.006149974824743502 0.001533106199424045 0.9999770932496972
ohioframe100226 1.159465079078551 -1.3689451068845913 -3.3350812779878187 -0.0035102990920626706 -0.009922150963715404 0.003955348610631274 0.9999367899711991
ohioframe100228 1.1424474974872818 -1.3562537802867 -3.3453353031289152 -0.0010850935190812381 -0.008344213692804706 0.0018731505515788439 0.9999628432981471
ohioframe100230 1.1083794615258664 -1.3592773319049964 -3.3541697630841965 -0.0006363521971176615 -0.004685060891767134 -0.0010495167597808913 0.9999882718186712
ohioframe100232 1.1149218778526606 -1.3604018824998807 -3.3518704952122973 -0.000991738326295281 -0.00532786477518176 -0.00033906364958823684 0.9999852575652658
ohioframe100234 1.1197164671623712 -1.3581427379674091 -3.3512209569367566 -0.0012443752449651528 -0.005291210151576658 0.0014315480873899732 0.9999842025229474
ohioframe100236 1.1323031510671646 -1.3596645109785186 -3.3468505574875747 -0.0014602351044804946 -0.007076669274633398 0.001358042714261764 0.9999729717274379
ohioframe100238 1.1321128335433568 -1.3535997434905997 -3.3495267760802614 -0.00079610695820733 -0.006691162415475125 0.0022481187074477804 0.9999747699424811
ohioframe100240 1.1206873041932877 -1.3635548275057199 -3.3487339431615544 -0.0017823462496713558 -0.0056922113072689386 0.0006995637922494422 0.9999819661287799
ohioframe100242 1.1184239285756776 -1.3586194283151252 -3.351468002361896 -0.0008516336341912554 -0.005599196700701158 8.29816874633188e-05 0.9999839582865815
ohioframe100244 1.1863157898297951 -1.3388964980120628 -3.3388520478682477 0.0006250015340374469 -0.013437466989453042 0.0044289465179828715 0.9998997091142344
ohioframe100246 1.108373889146552 -1.3581042936310417 -3.3546933819096605 0.0003773694102691639 -0.005728041716262884 -0.0037861812975715906 0.9999763557012771
ohioframe100248 1.1402449384083027 -1.3540880532072301 -3.3462000522203232 -0.0002579799923063783 -0.008878725618569783 -0.0004935221564179295 0.9999604282738367
ohioframe100250 1.1815657091637917 -1.3494395419134357 -3.335743505771477 8.581297395706003e-05 -0.014415130694462831 0.0005938747570410028 0.9998959165613029
ohioframe100252 1.0848202630220745 -1.373316174111675 -3.3544673151166666 -0.0017248575404719265 -0.00289895813473713 -0.00498338146537662 0.9999818932447571
ohioframe100254 1.1949990219297606 -1.348768218061895 -3.3310193787669484 -0.0006020439775825838 -0.015264276126260806 0.002788415745643901 0.9998794248083215
ohioframe100256 0.8405921716261987 -1.3131986514706497 -3.4411891283798113 -0.001817100736678652 0.04654101118544548 0.03287519833236427 0.9983736042971872
ohioframe100258 1.0710489589812076 -1.3601725582626285 -3.363275676795717 -0.0008012091972231457 0.0003028832931242205 -0.002067453307080322 0.999997495978043
ohioframe100260 1.103472234728371 -1.3905858409337242 -3.3413626521247686 -0.005817710939489375 -0.003326077633882257 0.00024036604100161093 0.9999775165828302
ohioframe100262 1.120353726793173 -1.3614594325525353 -3.3489545747194542 -0.00260379532410019 -0.00426743080466208 0.0038401078477372343 0.9999801312305937
ohioframe100264 1.1849214212774808 -1.3453907620978398 -3.33586804987163 -0.001438900573376147 -0.011870094500559565 0.007517884097869303 0.9999002509452525
ohioframe100266 1.1621224154949468 -1.3463619942660356 -3.3427239782322835 -0.0009687657153622148 -0.009344234465042504 0.005751765246769935 0.999939330145483
ohioframe100268 1.0839291286554444 -1.3833055085484385 -3.4403815960981636 -0.0001216863230540436 -0.004581084090993653 -0.002658219262225387 0.9999859662671992
